0 0.07070086805555556 0.369618294921875 0.07354194965277777 0.3719113525390625 0.08297780555555556 0.3699645078125 0.08756875173611112 0.3664979501953125 0.08931861631944443 0.3607383349609375 0.08279919965277777 0.3530858212890625 0.07052226041666666 0.3527396083984375 0.06509406076388889 0.3531397666015625 0.05849928645833333 0.35737966796875 0.060757079861111105 0.361592595703125 0.05786162673611111 0.37091212109375 0.06416435416666667 0.36781813671875 0.07070086805555556 0.369618294921875
0 0.07468063541666667 0.3274080908203125 0.07041901215277778 0.3239685048828125 0.06841518402777777 0.3247418486328125 0.06608203124999999 0.3324213359375 0.07092694270833333 0.333941048828125 0.07468063541666667 0.3274080908203125
0 0.012863694444444443 0.531908328125 0.010676364583333334 0.5382612470703125 0.01605369791666667 0.53787798828125 0.02327079513888889 0.5344013291015625 0.02443737152777778 0.5305615859375 0.020814190972222223 0.5300367783203125 0.019664288194444445 0.5318529365234375 0.016787913194444445 0.5314364404296875 0.016797579861111113 0.534243498046875 0.012863694444444443 0.531908328125
0 0.1359566128472222 0.8836100654296875 0.1399642690972222 0.88206337890625 0.15366175 0.8835561201171875 0.15967323611111112 0.88123608984375 0.15490568229166668 0.8781399111328125 0.15050694965277778 0.878712775390625 0.13193603645833335 0.875461322265625 0.1321129513888889 0.8795141650390625 0.12615461284722224 0.8790402041015625 0.10939136979166666 0.87756410546875 0.10716131076388889 0.8787240517578125 0.1269438732638889 0.882107548828125 0.1359566128472222 0.8836100654296875
0 0.21683330555555555 0.8916613828125 0.2110851701388889 0.888811015625 0.20918470486111113 0.8918008193359375 0.21295441840277776 0.8929992880859375 0.21683330555555555 0.8916613828125
0 0.23734460243055555 0.89618452734375 0.2339202326388889 0.8958113427734375 0.22852822743055556 0.89425502734375 0.2190055920138889 0.8922189931640625 0.218246296875 0.8932893515625 0.21778917013888888 0.8942593515625 0.2202227534722222 0.8943186015625 0.22590491666666665 0.8989047158203125 0.23617802604166668 0.900024271484375 0.23749768055555556 0.8991192294921875 0.23762258506944445 0.8972632802734375 0.23734460243055555 0.89618452734375
0 0.23995661805555557 0.9011285546875 0.25707846875 0.9029944814453125 0.2574563055555556 0.9024463916015625 0.25612340972222225 0.90087170703125 0.2473886458333333 0.8999550537109375 0.24377755555555558 0.8984196123046875 0.24254373437500001 0.89843533984375 0.238536078125 0.8999820263671875 0.23995661805555557 0.9011285546875
0 0.4329555798611111 0.9203734951171875 0.4367653107638889 0.920987625 0.45138608506944444 0.923724931640625 0.4545445763888889 0.9229749306640626 0.44786145138888883 0.921003193359375 0.43355367881944445 0.9187152529296875 0.43012223437499997 0.917130259765625 0.4033176371527778 0.9134367138671875 0.4013138090277778 0.914210056640625 0.40273435069444447 0.9153565849609375 0.41265036805555555 0.91646960546875 0.4184628541666667 0.9177993603515625 0.4268120815972222 0.91925635546875 0.4329555798611111 0.9203734951171875
0 0.466091234375 0.91264719921875 0.4700988940972223 0.9111005126953124 0.46583726909722223 0.90766092578125 0.4638334427083334 0.9084342705078124 0.46150028993055553 0.9161137568359375 0.46292082986111116 0.91726028515625 0.46492465972222224 0.9164869423828125 0.466091234375 0.91264719921875
0 0.4378869670138889 0.6922738759765625 0.43387931076388886 0.6938205625 0.43529985069444443 0.6949670908203125 0.4387242204861111 0.6953402763671875 0.4419835173611111 0.6961815107421875 0.447553859375 0.69645868359375 0.44816007812499997 0.693393431640625 0.44673953819444445 0.6922469033203125 0.439890796875 0.691500533203125 0.4378869670138889 0.6922738759765625
0 0.3417506440972222 0.676838416015625 0.34803140972222224 0.6765447265625 0.3506032135416667 0.6768114443359375 0.3511865 0.674891572265625 0.34976596006944444 0.6737450439453125 0.3463415902777778 0.6733718583984375 0.34433776041666664 0.674145201171875 0.34033010416666665 0.6756918876953125 0.3417506440972222 0.676838416015625
0 0.33154952083333333 0.71545234765625 0.3301289774305556 0.7143058193359375 0.32670460763888887 0.7139326337890625 0.32470078125 0.7147059775390625 0.3235342048611111 0.718545720703125 0.3249547447916667 0.7196922490234375 0.3309662326388889 0.7173722197265625 0.33154952083333333 0.71545234765625
0 0.053770178819444445 0.8189531484375 0.058690447916666666 0.808580447265625 0.05184170833333333 0.807834076171875 0.048925269097222224 0.8174334345703125 0.053770178819444445 0.8189531484375
0 0.26231894270833334 0.4696579306640625 0.2580031232638889 0.47072949609375 0.2591553315972222 0.4727186591796875 0.2636226475694444 0.4727190048828125 0.271084703125 0.4677637275390625 0.26798961805555555 0.466105921875 0.26231894270833334 0.4696579306640625
0 0.8670552760416667 0.4266528291015625 0.8756538784722223 0.4216395849609375 0.8810820798611112 0.4212394267578125 0.8822486545138889 0.41739968359375 0.8799908611111111 0.41318675390625 0.8708843263888889 0.408227455078125 0.8726341909722222 0.40246783984375 0.8683725694444444 0.39902825390625 0.8629443697916667 0.399428412109375 0.8611945052083334 0.4051880283203125 0.8571868472222222 0.40673471484375 0.8513539670138889 0.425933431640625 0.8596232482638889 0.4278263310546875 0.8670552760416667 0.4266528291015625
0 0.5460908802083333 0.3721535419921875 0.544341015625 0.3779131552734375 0.5491859270833334 0.37943287109375 0.5498562708333333 0.3742051123046875 0.5487312430555555 0.3691411318359375 0.5464411579861111 0.370103599609375 0.5460908802083333 0.3721535419921875
0 0.9322886006944445 0.31673906640625 0.9380335052083333 0.3188584404296875 0.9411411684027777 0.3167120927734375 0.9397688229166666 0.3131467041015625 0.9395289722222222 0.3091527548828125 0.9346217534722222 0.3090595791015625 0.9326179236111111 0.309832921875 0.930868060763889 0.315592537109375 0.9322886006944445 0.31673906640625
0 0.9562806458333333 0.2990791083984375 0.951614342013889 0.31443808203125 0.9530348836805556 0.315584611328125 0.9550387118055556 0.314811267578125 0.959705017361111 0.2994522939453125 0.9582844756944444 0.2983057646484375 0.9562806458333333 0.2990791083984375
0 0.12224637499999999 0.1741552333984375 0.12749244618055555 0.172242625 0.13731585937500002 0.171302802734375 0.14371885416666666 0.168365666015625 0.1320833923611111 0.1687760673828125 0.12665519444444442 0.169176224609375 0.112628390625 0.174589626953125 0.11087852604166666 0.1803492431640625 0.10959869965277777 0.182312658203125 0.10783197222222222 0.1864160673828125 0.108545375 0.1880287294921875 0.09982506770833334 0.21678011328125 0.10398630555555556 0.2170374736328125 0.1048993767361111 0.2130253193359375 0.10587520659722222 0.2067928330078125 0.10887330555555556 0.2009520869140625 0.11048551215277777 0.1956455693359375 0.10911819097222222 0.1930980869140625 0.11532915451388888 0.1867508642578125 0.11372850520833334 0.1819507939453125 0.11661966145833334 0.177468935546875 0.12101070659722223 0.1781187919921875 0.12224637499999999 0.1741552333984375
1 0.17351784548611113 0.602946076171875 0.19295105729166667 0.59021030078125 0.19411763541666666 0.586370556640625 0.1854059513888889 0.5850515556640625 0.17402090104166668 0.589967912109375 0.17126678993055555 0.5929330439453125 0.16777818055555554 0.595283287109375 0.1587484375 0.601907130859375 0.14954234548611112 0.6062514443359375 0.14875936458333333 0.60984359375 0.1671552465277778 0.60525003515625 0.17351784548611113 0.602946076171875
0 0.6726313888888888 0.460476130859375 0.6760557586805556 0.4608493154296875 0.6780595885416667 0.46007597265625 0.6786428767361111 0.4581561005859375 0.6772223333333334 0.457009572265625 0.6737979635416667 0.4566363876953125 0.6717941371527778 0.45740973046875 0.6712108489583334 0.4593296025390625 0.6726313888888888 0.460476130859375
0 0.615203578125 0.46961826953125 0.6160363680555556 0.4710925322265625 0.6200484895833333 0.4711379833984375 0.6220523177083334 0.4703646396484375 0.6206355572916666 0.46832469921875 0.6168981527777777 0.4681302294921875 0.615203578125 0.46961826953125
0 0.21228363888888888 0.4068184091796875 0.2125517326388889 0.408461673828125 0.21397227430555554 0.4096082021484375 0.21597610069444445 0.4088348583984375 0.2165593888888889 0.4069149873046875 0.21513884895833335 0.405768458984375 0.21228363888888888 0.4068184091796875