0 0.951451734375 0.5969574970703125 0.9461883402777779 0.600680564453125 0.9392361111111112 0.599609375 0.9357638888888888 0.59765625 0.9270833333333334 0.6005859375 0.9236111111111112 0.6044921875 0.9236111111111112 0.6103515625 0.9322916666666666 0.6171875 0.9444444444444444 0.6162109375 0.9496527777777778 0.615234375 0.9548611111111112 0.6103515625 0.9513888888888888 0.6064453125 0.951451734375 0.5969574970703125
0 0.953125 0.64453125 0.9548611111111112 0.6435546875 0.9548611111111112 0.6357421875 0.9496527777777778 0.634765625 0.9479166666666666 0.6416015625 0.953125 0.64453125
0 0.936651217013889 0.436161083984375 0.9403637777777778 0.4362890537109375 0.9409508246527777 0.4343772509765625 0.9438981163194443 0.4344787080078125 0.9430515954861112 0.431715587890625 0.9476089392361112 0.4335929091796875 0.9478613836805556 0.4271023515625 0.9426979357638889 0.428056814453125 0.936651217013889 0.432254833984375 0.936651217013889 0.436161083984375
0 0.9114583333333334 0.099609375 0.8963525503472223 0.10060984375 0.9045138888888888 0.1015625 0.9114583333333334 0.10546875 0.9184027777777778 0.10546875 0.9236111111111112 0.1083984375 0.9236111111111112 0.1142578125 0.9357638888888888 0.12109375 0.9375 0.1201171875 0.9375 0.1123046875 0.921875 0.1015625 0.9149305555555556 0.1015625 0.9114583333333334 0.099609375
0 0.7516413802083333 0.1021970185546875 0.7312163177083333 0.100988171875 0.7219224809027778 0.10047580859375 0.7184502604166667 0.10242893359375 0.7045613715277779 0.10242893359375 0.6993530381944445 0.10535862109375 0.70495553125 0.107895857421875 0.7091019670138888 0.1068597041015625 0.7282984496527778 0.10806855078125 0.7269163003472222 0.1040966328125 0.7329056059027779 0.103923939453125 0.7497985104166667 0.1035785537109375 0.7516413802083333 0.1021970185546875
0 0.6476083541666666 0.1002686123046875 0.6435510954861111 0.0994930029296875 0.6401430017361112 0.1012267177734375 0.6466346145833334 0.103416669921875 0.6476083541666666 0.1002686123046875
0 0.6186628715277778 0.09506759375 0.617637532986111 0.0961004208984375 0.6180683645833334 0.0979414091796875 0.6186628715277778 0.09897384375 0.62213509375 0.09897384375 0.6278913020833333 0.0999277373046875 0.6378446770833333 0.10091074609375 0.6382707395833334 0.0997752626953125 0.6384301579861111 0.09877103125 0.6360239826388888 0.09897384375 0.6290795381944444 0.09506759375 0.6186628715277778 0.09506759375
0 0.5970564670138888 0.0949659423828125 0.5988342274305556 0.0963735224609375 0.6076805381944445 0.096338806640625 0.61168259375 0.09746326171875 0.6128888715277778 0.097315369140625 0.61636109375 0.095362244140625 0.614624982638889 0.094385681640625 0.5972638715277778 0.094385681640625 0.5970564670138888 0.0949659423828125
0 0.42582501562499997 0.09658708203125 0.4194621909722222 0.0961462978515625 0.4155398993055555 0.0959503896484375 0.4003736996527778 0.0948239267578125 0.39749735416666665 0.0959014150390625 0.4046446423611111 0.0971258271484375 0.4193696388888889 0.0978433818359375 0.4232101527777778 0.0990359091796875 0.4506196388888889 0.0997965068359375 0.45235575 0.0988199443359375 0.4506196388888889 0.0978433818359375 0.44055539930555554 0.09781149609375 0.43445405555555555 0.0971258232421875 0.42582501562499997 0.09658708203125
0 0.38924418055555554 0.1073104228515625 0.3857719565972222 0.1092635478515625 0.39098029166666665 0.1121932353515625 0.39271640104166666 0.1112166728515625 0.39271640104166666 0.1034041728515625 0.39098029166666665 0.1024276103515625 0.38924418055555554 0.1034041728515625 0.38924418055555554 0.1073104228515625
0 0.4774530052083333 0.317880763671875 0.4719031875 0.3182056015625 0.4722222222222222 0.3212890625 0.4739583333333333 0.322265625 0.4809027777777778 0.322265625 0.4826388888888889 0.3212890625 0.4861111111111111 0.3193359375 0.484375 0.318359375 0.4809027777777778 0.318359375 0.4774530052083333 0.317880763671875
0 0.5729166666666666 0.3271484375 0.5729166666666666 0.3291015625 0.5746527777777778 0.330078125 0.578125 0.330078125 0.5798611111111112 0.3291015625 0.5833333333333334 0.3271484375 0.5815972222222222 0.326171875 0.5755203663194445 0.3271350888671875 0.5729166666666666 0.3271484375
0 0.5800951562500001 0.2870533623046875 0.5818312690972223 0.2880299248046875 0.5853034913194445 0.2880299248046875 0.5870396006944445 0.2870533623046875 0.5870396006944445 0.2831471123046875 0.5853034913194445 0.2821705498046875 0.5800951562500001 0.2851002373046875 0.5800951562500001 0.2870533623046875
0 0.8270749288194444 0.1660670263671875 0.8270749288194444 0.1563014013671875 0.8218665954861111 0.1553248388671875 0.8201304843749999 0.1660670263671875 0.8270749288194444 0.1660670263671875
0 0.7132979895833333 0.5244678388671875 0.7168300850694445 0.525768162109375 0.7213365572916666 0.5216618984375 0.7252529079861111 0.5201435634765625 0.7235288940972222 0.5183084482421875 0.7191442222222223 0.5187875126953125 0.7132979895833333 0.5244678388671875
0 0.14756944444444445 0.626953125 0.140625 0.62890625 0.13368055555555555 0.634765625 0.1284722222222222 0.6357421875 0.1284722222222222 0.6396484375 0.13194444444444445 0.6435546875 0.1423611111111111 0.6474609375 0.1423611111111111 0.6533203125 0.14756944444444445 0.65625 0.1527777777777778 0.6552734375 0.1527777777777778 0.6494140625 0.15625 0.6474609375 0.15625 0.6279296875 0.14756944444444445 0.626953125
0 0.470202265625 0.651378458984375 0.47216293576388885 0.650184943359375 0.4718954565972222 0.6481287412109376 0.4718954565972222 0.6422693671875 0.4666871232638889 0.6412928037109376 0.4675880538194444 0.646512603515625 0.470202265625 0.651378458984375
0 0.10069444444444445 0.7451171875 0.10310453125 0.748480814453125 0.104530890625 0.752387984375 0.109375 0.751953125 0.1111111111111111 0.7509765625 0.1111111111111111 0.7451171875 0.109375 0.744140625 0.10310453125 0.7426701484375 0.10069444444444445 0.7451171875
0 0.08762112152777778 0.764105359375 0.0893572326388889 0.765081921875 0.09109334375 0.764105359375 0.09109334375 0.748480359375 0.0893572326388889 0.747503796875 0.08762112152777778 0.748480359375 0.08762112152777778 0.764105359375
0 0.9569111944444444 0.7882266806640625 0.9574216093749999 0.7839963896484375 0.9562405434027776 0.782484931640625 0.9562259878472221 0.7532371484375 0.9520650850694445 0.753430279296875 0.9523653055555555 0.7574791005859375 0.9532660086805556 0.7637210546875 0.9520650850694445 0.7697942744140625 0.9520650850694445 0.7751927041015625 0.9541667118055555 0.7775545205078125 0.9499634583333333 0.784471259765625 0.9529657881944443 0.78902619921875 0.9514646232638889 0.7937498212890625 0.9469611284722222 0.793581115234375 0.9469302378472223 0.797616703125 0.9423516545138888 0.800063056640625 0.9329904392361112 0.8020427021484375 0.9275818628472222 0.8056220791015625 0.9388794322916666 0.803969306640625 0.9440877638888888 0.802992744140625 0.9562405434027776 0.796156806640625 0.9562405434027776 0.790297431640625 0.9569111944444444 0.7882266806640625
1 0.7912936128472222 0.3750534765625 0.790990953125 0.3714322021484375 0.7743055555555556 0.3779296875 0.7687478211805555 0.380881228515625 0.7534722222222222 0.3955078125 0.7534722222222222 0.3994140625 0.7624158559027777 0.3997780234375 0.7721240243055556 0.39371503125 0.7739429548611111 0.390499662109375 0.7766661319444444 0.3878109619140625 0.7835534670138888 0.3803193359375 0.7912936128472222 0.3750534765625
0 0.3161536371527778 0.5757120859375 0.3161536371527778 0.5776652109375 0.31788975 0.5786417734375 0.32136197222222224 0.5786417734375 0.3230980815972222 0.5776652109375 0.3230980815972222 0.5757120859375 0.32136197222222224 0.5747355234375 0.31788975 0.5747355234375 0.3161536371527778 0.5757120859375
0 0.3700543628472222 0.5614270390625 0.37378053125 0.5612174619140625 0.375 0.5595703125 0.37374302604166665 0.558207951171875 0.3697916666666667 0.55859375 0.3680555555555556 0.5595703125 0.3700543628472222 0.5614270390625
0 0.7849577777777778 0.578535310546875 0.7866938871527778 0.579511873046875 0.7891831284722222 0.5781715654296875 0.7884299982638888 0.576582185546875 0.7866938871527778 0.575605623046875 0.7849577777777778 0.576582185546875 0.7849577777777778 0.578535310546875