0 0.5902671163194444 0.243676685546875 0.5978367378472222 0.24601990625 0.5974194027777778 0.250052416015625 0.5947445659722222 0.252288392578125 0.6016449236111111 0.2566554453125 0.6091606753472223 0.257974255859375 0.619351265625 0.25705708984375 0.6294352222222223 0.2511614248046875 0.6252097013888889 0.24455839453125 0.6224282326388889 0.241815873046875 0.6128530347222223 0.239684796875 0.6067813333333334 0.2422264970703125 0.5902671163194444 0.243676685546875
0 0.6570122569444444 0.235710408203125 0.6563968645833334 0.238758650390625 0.6686468975694444 0.2386537490234375 0.6726591527777778 0.2352997841796875 0.6705997100694444 0.2344875185546875 0.6570122569444444 0.235710408203125
0 0.30925571180555556 0.273308619140625 0.30462613715277775 0.2742117216796875 0.30694349479166666 0.2713843759765625 0.29560266145833336 0.2722600048828125 0.2983363628472222 0.2749810322265625 0.30689490798611113 0.277685369140625 0.31368863541666664 0.2770739248046875 0.3131391961805556 0.27499003125 0.3096921284722222 0.2749629384765625 0.30925571180555556 0.273308619140625
0 0.21181625520833333 0.55211910546875 0.21037220312500002 0.5482585966796875 0.20831275868055557 0.547446330078125 0.20419386979166665 0.545821798828125 0.2028564513888889 0.546939787109375 0.20357847743055554 0.548870041015625 0.2034634357638889 0.550862732421875 0.2051824409722222 0.553897103515625 0.21047883506944445 0.55323709375 0.21181625520833333 0.55211910546875
0 0.20168349479166667 0.4921763115234375 0.1975646076388889 0.4905517783203125 0.1962271892361111 0.491669767578125 0.199166046875 0.494897201171875 0.19973068402777777 0.4963425419921875 0.203127546875 0.4960368193359375 0.2044649652777778 0.4949188310546875 0.2037429392361111 0.4929885771484375 0.20168349479166667 0.4921763115234375
0 0.11892965625000002 0.496496921875 0.12510798958333333 0.4989337216796875 0.12850485243055554 0.498628 0.12984227083333333 0.497510009765625 0.12912024479166667 0.4955797548828125 0.12706080034722222 0.494767490234375 0.12026707465277779 0.4953789345703125 0.11892965625000002 0.496496921875
0 0.513716029513889 0.3874163232421875 0.5152430694444444 0.385249244140625 0.5071643888888889 0.3833867890625 0.503709329861111 0.381447302734375 0.5008762065972223 0.3826929541015625 0.5026211545138889 0.38505546484375 0.513716029513889 0.3874163232421875
0 0.8094906822916667 0.6808918662109374 0.8095973159722223 0.6858703642578124 0.8144382291666666 0.6894251513671875 0.8260728697916666 0.6923684931640625 0.8288543420138889 0.695111013671875 0.8356480659722222 0.6944995693359375 0.8417197673611111 0.6919578701171875 0.8463474184027777 0.6855556611328125 0.8565380069444444 0.6846384951171876 0.8605502621527777 0.681284529296875 0.8577687934027778 0.6785420078125 0.847578203125 0.6794591748046875 0.8434593159722222 0.677834642578125 0.8094906822916667 0.6808918662109374
0 0.7849883559027778 0.502691181640625 0.7825048923611111 0.5017880400390625 0.7789843767361111 0.502258591796875 0.7687937899305556 0.5031757587890625 0.7681783958333334 0.506224001953125 0.7770692968749999 0.5049061083984375 0.7849883559027778 0.502691181640625
0 0.9106899409722222 0.2145685458984375 0.9097918489583334 0.2121675927734375 0.8610749652777777 0.216560189453125 0.8622760902777777 0.218843060546875 0.8692553454861112 0.21804240234375 0.8799240208333333 0.21656463671875 0.89073625 0.216281607421875 0.9001251684027777 0.215436591796875 0.9037958055555555 0.21389857421875 0.9106899409722222 0.2145685458984375
1 0.23140163888888887 0.368180408203125 0.24617164409722225 0.3764389921875 0.25246063888888887 0.379066607421875 0.2810755659722222 0.3852690205078125 0.2878692934027778 0.384657576171875 0.2866425208333333 0.3796287197265625 0.2740790538194445 0.3751808583984375 0.26810866840277775 0.3746729921875 0.2628662309027778 0.3735800029296875 0.24840466493055555 0.370923904296875 0.23763680208333332 0.367445318359375 0.23140163888888887 0.368180408203125
0 0.6873760590277778 0.5960066806640625 0.6839791961805556 0.5963124033203125 0.6826417760416666 0.5974303916015625 0.6833638003472222 0.5993606455078125 0.6854232465277778 0.6001729130859375 0.6888201093749999 0.5998671904296875 0.6901575277777777 0.598749201171875 0.6894355017361111 0.5968189462890625 0.6873760590277778 0.5960066806640625
0 0.6493704809027778 0.57244481640625 0.6482311545138889 0.5704061943359375 0.6451128611111111 0.569986103515625 0.6430048298611112 0.5708981220703125 0.64449746875 0.5730343466796874 0.6465569114583334 0.5738466123046875 0.6493704809027778 0.57244481640625
0 0.592848671875 0.3391165185546875 0.5941860902777778 0.33799853125 0.5913374149305555 0.33682452734375 0.5887297847222223 0.3374919873046875 0.5873923663194445 0.3386099755859375 0.5894518107638889 0.3394222412109375 0.592848671875 0.3391165185546875