0 0.7734027361111111 0.4961219990234375 0.7768159097222223 0.494026314453125 0.7837635277777778 0.4937310830078125 0.7940636857638889 0.48939209765625 0.7975374965277777 0.4892444814453125 0.8009506701388889 0.487148796875 0.8044244791666667 0.4870011806640625 0.8078376527777777 0.48490549609375 0.8113114618055556 0.4847578798828125 0.8147246354166666 0.4826621943359375 0.8181984444444445 0.4825145791015625 0.8216116180555555 0.4804188935546875 0.8250854305555556 0.48027127734375 0.8284986041666667 0.4781755927734375 0.8319724131944445 0.4780279765625 0.8353855868055555 0.4759322919921875 0.8388593958333334 0.47578467578125 0.8439791579861111 0.4726411484375 0.8439185225694444 0.470693080078125 0.842151298611111 0.4697928525390625 0.838738125 0.4718885380859375 0.8317905052083333 0.47218376953125 0.8214903489583334 0.476522755859375 0.8180165399305556 0.47667037109375 0.8146033645833334 0.478766056640625 0.8111295555555555 0.4789136728515625 0.8077163802083334 0.481009357421875 0.8042425711805555 0.4811569736328125 0.8008293975694445 0.4832526572265625 0.7973555885416667 0.4834002734375 0.7939424149305556 0.4854959580078125 0.7904686059027778 0.48564357421875 0.7870554322916666 0.487739259765625 0.7801078107638889 0.4880344912109375 0.7698076545138889 0.4923734775390625 0.7628600347222222 0.492668708984375 0.7594468611111111 0.49476439453125 0.7490254322916666 0.4952072421875 0.7456122586805556 0.4973029267578125 0.7074003541666667 0.498926701171875 0.7057544027777778 0.5019226123046875 0.707521625 0.50282283984375 0.7526811493055555 0.5009038330078125 0.7560943229166667 0.4988081484375 0.7630419427083334 0.498512916015625 0.7664551163194444 0.4964172314453125 0.7734027361111111 0.4961219990234375
0 0.5132044600694444 0.6856629384765625 0.5046715243055555 0.6909021513671875 0.49796785590277776 0.6944391845703125 0.49787870138888896 0.696124 0.5133257309027778 0.689559078125 0.516421125 0.68722701171875 0.5193923871527777 0.6834722294921876 0.5152810885416668 0.683143923828125 0.5132044600694444 0.6856629384765625
0 0.6028457083333333 0.427269869140625 0.6073512552083333 0.426918203125 0.6068823559027777 0.425639203125 0.6042019878472222 0.425608154296875 0.6026044791666667 0.426603796875 0.6028457083333333 0.427269869140625
0 0.6301667916666667 0.426035142578125 0.6357300572916667 0.4257022099609375 0.6357730746527778 0.42479572265625 0.63229790625 0.4244152001953125 0.6300584340277777 0.4250426923828125 0.6301667916666667 0.426035142578125
0 0.660208232638889 0.4247341083984375 0.6601601996527777 0.423523478515625 0.6573102118055556 0.423751599609375 0.6571634809027778 0.4248856484375 0.660208232638889 0.4247341083984375
0 0.6989410260416666 0.4243090654296875 0.7010033697916667 0.4238297802734375 0.7012906006944444 0.4225588466796875 0.6988803888888888 0.42236099609375 0.6971738020833333 0.4234088388671875 0.6989410260416666 0.4243090654296875
0 0.7195996197916666 0.283987142578125 0.7216932482638889 0.28424422265625 0.7220567552083333 0.2799786337890625 0.7120412725694444 0.2809423671875 0.7115520815972222 0.2824183974609375 0.7126090954861111 0.2838109599609375 0.7149921875 0.2836926376953125 0.7163647274305556 0.2826025693359375 0.7173435815972222 0.28349229296875 0.7189517708333333 0.283269759765625 0.7195996197916666 0.283987142578125
0 0.7271387413194444 0.280998423828125 0.7261339600694444 0.283387751953125 0.7273879913194444 0.284080423828125 0.7308618003472223 0.2839328076171875 0.7325683871527777 0.28288496484375 0.7325077517361112 0.280936896484375 0.7307405295138889 0.280036669921875 0.7271387413194444 0.280998423828125
0 0.7658072604166667 0.2786394541015625 0.7623471545138889 0.2785254404296875 0.7594679965277779 0.2801824912109375 0.7594577395833333 0.2820009462890625 0.7614824756944444 0.2807883154296875 0.7618312430555556 0.2814957548828125 0.7667072586805556 0.2809139765625 0.7670587881944444 0.2790047626953125 0.7658072604166667 0.2786394541015625
0 0.7765429670138889 0.2818827275390625 0.7757245798611111 0.280523177734375 0.7738436111111111 0.2803639326171875 0.7738514652777778 0.278814662109375 0.7718679965277777 0.2790058857421875 0.7704608628472223 0.28003840234375 0.7702957361111111 0.28296731640625 0.7731652812500001 0.282811109375 0.7737622569444444 0.2809779755859375 0.77436296875 0.2825966328125 0.7760851996527778 0.2825468310546875 0.7765429670138889 0.2818827275390625
0 0.7794363402777778 0.2865603466796875 0.7795059774305556 0.2880881025390625 0.7803421527777777 0.289364515625 0.7824594461805555 0.2891612392578125 0.7823921128472222 0.2853128330078125 0.786163326388889 0.285174076171875 0.7878699131944444 0.284126234375 0.7877486423611111 0.280230095703125 0.7861004618055555 0.2772877666015625 0.7836569392361111 0.277723201171875 0.7833984392361111 0.279361537109375 0.7826265833333333 0.2799530146484375 0.7824698402777778 0.281476865234375 0.7838826163194444 0.2821038134765625 0.783810798611111 0.282856841796875 0.7808323472222223 0.2849634404296875 0.7815898628472222 0.285724958984375 0.7794363402777778 0.2865603466796875
0 0.79578728125 0.2849547421875 0.8006959947916666 0.2846472763671875 0.8010527725694445 0.28021542578125 0.7992855486111111 0.27931519921875 0.7951602743055556 0.2778100712890625 0.7928722968749999 0.278031283203125 0.7920409635416666 0.279283265625 0.7926405434027778 0.279551115234375 0.7936989722222223 0.27944081640625 0.7938679496527778 0.280178490234375 0.7951112708333333 0.280501177734375 0.7977009861111112 0.279802615234375 0.7963573333333334 0.2817831552734375 0.7945371649305556 0.28343866796875 0.7943554513888889 0.2841660283203125 0.7889492256944445 0.286539962890625 0.78913009375 0.2877487099609375 0.7909553107638889 0.288588236328125 0.795787 0.2887105859375 0.79578728125 0.2849547421875
0 0.9264049357638888 0.2782335185546875 0.9272050017361111 0.2766997744140625 0.9287940590277777 0.2773236416015625 0.930588685763889 0.277442884765625 0.9307527482638888 0.2741049013671875 0.9272541215277779 0.2730593232421875 0.9250523177083334 0.2732332880859375 0.9248467499999999 0.272468833984375 0.9228725138888889 0.2723036220703125 0.9207876302083334 0.2740862275390625 0.9195781145833334 0.2723966748046875 0.9177140572916667 0.272238865234375 0.9159066840277776 0.274638947265625 0.9142289062500001 0.272859921875 0.9105650729166668 0.2727990390625 0.910871045138889 0.2760082978515625 0.9181019201388888 0.2769341630859375 0.9177301250000001 0.2781778291015625 0.9206371840277777 0.278562732421875 0.9224117934027779 0.277169138671875 0.9243900711805555 0.2780765390625 0.9264049357638888 0.2782335185546875
0 0.9476591371527778 0.2776128564453125 0.9515520624999999 0.277955169921875 0.9521921059027778 0.280068626953125 0.9557716076388889 0.2803584140625 0.9555830503472222 0.276966900390625 0.9571241579861111 0.2758036845703125 0.9616673854166667 0.275776021484375 0.9626698385416668 0.2718001728515625 0.9537212968750001 0.2702131953125 0.9500189618055556 0.2693599140625 0.9449725989583333 0.2695641767578125 0.9421468298611111 0.2686956484375 0.9394627065972223 0.269042416015625 0.9377561180555555 0.2700902578125 0.9379380260416667 0.27593446484375 0.9432396944444444 0.2786351455078125 0.9442899878472222 0.27840891015625 0.9444892569444444 0.2773335556640625 0.946444375 0.277095412109375 0.9476591371527778 0.2776128564453125
0 0.10628365972222223 0.68734944140625 0.10604111805555555 0.6795571640625 0.1007394513888889 0.676856484375 0.09031802083333335 0.6772993310546875 0.08690484722222222 0.6793950166015625 0.08519826041666667 0.680442859375 0.08873270659722222 0.6822433125 0.08879334027777779 0.6841913818359375 0.09232778472222222 0.6859918349609375 0.09415564409722223 0.688840130859375 0.10457707291666667 0.688397283203125 0.10628365972222223 0.68734944140625