0 0.546875 0.814453125 0.5434027777777778 0.814453125 0.5329861111111112 0.80859375 0.5295138888888888 0.80859375 0.5260416666666666 0.806640625 0.5121527777777778 0.806640625 0.5086805555555556 0.8046875 0.5017361111111112 0.8046875 0.5 0.8056640625 0.5017361111111112 0.80859375 0.5121527777777778 0.80859375 0.515625 0.810546875 0.5190972222222222 0.810546875 0.5260416666666666 0.814453125 0.5295138888888888 0.8125 0.5329861111111112 0.814453125 0.5364583333333334 0.814453125 0.5434027777777778 0.818359375 0.546875 0.818359375 0.5572916666666666 0.82421875 0.5607638888888888 0.82421875 0.5677083333333334 0.828125 0.5694444444444444 0.8271484375 0.5694444444444444 0.8251953125 0.5572916666666666 0.818359375 0.5538194444444444 0.818359375 0.546875 0.814453125
0 0.5972222222222222 0.8271484375 0.5989583333333334 0.828125 0.6041666666666666 0.8271484375 0.6076388888888888 0.8251953125 0.6059027777777778 0.82421875 0.6024305555555556 0.82421875 0.5972222222222222 0.8271484375
1 0.7291666666666666 0.7705078125 0.7204861111111112 0.765625 0.7170138888888888 0.765625 0.7135416666666666 0.763671875 0.6892361111111112 0.763671875 0.6875 0.7646484375 0.6875 0.7724609375 0.6909722222222222 0.7744140625 0.6944444444444444 0.7802734375 0.6996527777777778 0.783203125 0.7274305555555556 0.783203125 0.7291666666666666 0.7822265625 0.7361111111111112 0.7802734375 0.7361111111111112 0.7763671875 0.7291666666666666 0.7724609375 0.7291666666666666 0.7705078125
0 0.2685505815972222 0.8664034677734375 0.2660195972222222 0.8671001826171875 0.2673097170138889 0.870916232421875 0.2638888888888889 0.8701171875 0.24505774305555553 0.871181599609375 0.24264198784722224 0.8725435126953125 0.27195640798611115 0.8717456318359375 0.27821902604166665 0.872307884765625 0.27441238020833336 0.8697614794921875 0.27276437152777777 0.8701635966796875 0.2723364392361111 0.8690911982421875 0.2685505815972222 0.8664034677734375
0 0.09578573090277778 0.8228274287109375 0.09501391493055555 0.82398002734375 0.09596696701388889 0.824878494140625 0.09882091840277778 0.82480203515625 0.10071244270833334 0.8261323056640625 0.10287686284722222 0.8261331845703125 0.10383876909722223 0.8247914892578125 0.10416666666666667 0.8232421875 0.10332109895833334 0.822032224609375 0.10161159375 0.8225863330078125 0.09578573090277778 0.8228274287109375
0 0.04651934722222222 0.8187862119140625 0.048358520833333335 0.8187252275390625 0.04790624652777778 0.8199737587890625 0.04860703125 0.8207361982421875 0.050858079861111107 0.8199236787109375 0.049991569444444446 0.8168330869140625 0.048255458333333334 0.8158565244140625 0.04651934722222222 0.8168330869140625 0.04651934722222222 0.8187862119140625
0 0.2344626857638889 0.7488003935546875 0.2385025503472222 0.7476013056640625 0.2402386614583333 0.7466247431640625 0.2385025503472222 0.7456481806640625 0.235030328125 0.7456481806640625 0.23329421701388886 0.7466247431640625 0.2344626857638889 0.7488003935546875
0 0.37376546701388885 0.322107767578125 0.3726529479166667 0.320391740234375 0.3712220850694445 0.3186641376953125 0.3680555555555556 0.3193359375 0.37076808854166665 0.3215006376953125 0.3729095520833334 0.3234951884765625 0.3789731840277778 0.3239773486328125 0.3812990190972222 0.3234644775390625 0.38478776909722223 0.3232719443359375 0.3888888888888889 0.3212890625 0.38144475 0.3218807431640625 0.37900762326388887 0.32279781640625 0.37376546701388885 0.322107767578125
0 0.1518885503472222 0.0968921005859375 0.15101788194444443 0.1004058662109375 0.15110648958333334 0.10261416015625 0.15528881423611113 0.103647552734375 0.15869994965277778 0.1041321904296875 0.16040128819444444 0.1004790009765625 0.1578895763888889 0.0998811552734375 0.15536077256944444 0.0968921005859375 0.1518885503472222 0.0968921005859375
0 0.13849168576388887 0.10195818359375 0.14022779687499998 0.10098162109375 0.13958871006944445 0.0982113466796875 0.13739625520833332 0.098357705078125 0.13675557465277777 0.10098162109375 0.13849168576388887 0.10195818359375
0 0.1111111111111111 0.1103515625 0.1111111111111111 0.1123046875 0.11284722222222222 0.11328125 0.11631944444444445 0.11328125 0.11805555555555555 0.1123046875 0.11805555555555555 0.1103515625 0.11631944444444445 0.109375 0.11284722222222222 0.109375 0.1111111111111111 0.1103515625
0 0.12749100868055555 0.1125009833984375 0.1284722222222222 0.1103515625 0.1274572326388889 0.109018171875 0.1232638888888889 0.109375 0.12401927256944445 0.1121688623046875 0.12749100868055555 0.1125009833984375
1 0.8159722222222222 0.1240234375 0.8072916666666666 0.119140625 0.796875 0.119140625 0.7951388888888888 0.1220703125 0.7916666666666666 0.1240234375 0.7916666666666666 0.1357421875 0.8003472222222222 0.140625 0.8055555555555556 0.1396484375 0.8125 0.1357421875 0.8125 0.1318359375 0.8159722222222222 0.1298828125 0.8159722222222222 0.1240234375
1 0.7712402847222222 0.1732614404296875 0.7695041736111111 0.1722848779296875 0.7660319513888889 0.1722848779296875 0.7670717881944444 0.176800814453125 0.7613885833333334 0.181202 0.7598014756944445 0.1855664208984375 0.7538236388888889 0.1880491015625 0.7466949947916667 0.191568703125 0.7428524670138889 0.1918670556640625 0.7416291128472222 0.1947924541015625 0.7504069513888889 0.1927926904296875 0.7642958402777777 0.1849801904296875 0.7642958402777777 0.1830270654296875 0.7712402847222222 0.1771676904296875 0.7712402847222222 0.1732614404296875