0 0.8541931024305556 0.56707501953125 0.8610099583333333 0.5679989619140625 0.8637558541666667 0.570360814453125 0.8657913350694444 0.569641859375 0.8664538663194444 0.5677419765625 0.8623350208333334 0.5641991953125 0.85892659375 0.563737224609375 0.8561806961805556 0.56137537109375 0.8527722690972221 0.560913400390625 0.8500263732638889 0.558551546875 0.8466179444444444 0.558089576171875 0.8438720486111111 0.5557277216796875 0.8404636197916667 0.5552657509765625 0.8377177239583333 0.5529038974609375 0.834309296875 0.5524419267578125 0.8315633993055556 0.5500800732421876 0.8281549722222222 0.5496181025390625 0.8254090763888889 0.547256248046875 0.8220006475694445 0.54679427734375 0.8131004270833333 0.541608599609375 0.8062835711805555 0.540684658203125 0.8035376753472222 0.5383228037109375 0.7967208194444445 0.5373988623046875 0.7939749236111111 0.5350370087890625 0.7871580677083334 0.5341130673828125 0.784412171875 0.5317512138671875 0.7401026111111111 0.5257455947265625 0.7380671319444444 0.52646455078125 0.7387775486111111 0.5295453603515625 0.7762702534722222 0.5346270380859375 0.7790161493055555 0.536988892578125 0.7892414340277778 0.5383748046875 0.7919873298611111 0.540736658203125 0.7988041857638889 0.541660599609375 0.80770440625 0.5468462783203125 0.8145212621527778 0.5477702197265625 0.817267157986111 0.5501320732421875 0.8206755850694445 0.5505940439453125 0.8234214826388889 0.5529558974609375 0.8268299097222223 0.5534178681640625 0.8295758055555555 0.55577972265625 0.832984234375 0.556241693359375 0.8357301302083333 0.558603546875 0.8391385590277778 0.559065517578125 0.8418844548611112 0.56142737109375 0.8452928819444444 0.561889341796875 0.8541931024305556 0.56707501953125
0 0.604700640625 0.33179647265625 0.6088900625 0.331851220703125 0.6070964704861112 0.3279069873046875 0.604739625 0.32534298046875 0.5914099305555556 0.3175095458984375 0.5909777239583334 0.3191656318359375 0.5965498211805556 0.323238111328125 0.6034145624999999 0.3291427451171875 0.604700640625 0.33179647265625
0 0.6126647222222222 0.5900749453125 0.6122189513888889 0.5907043837890625 0.613499578125 0.5918242802734375 0.6161743090277778 0.592038958984375 0.6170359427083334 0.59083082421875 0.6126647222222222 0.5900749453125
0 0.6394487881944444 0.593780419921875 0.639034234375 0.5947412392578125 0.6410669878472223 0.5955597353515625 0.6446400399305555 0.595505251953125 0.6448775052083333 0.5946146748046875 0.6394487881944444 0.593780419921875
0 0.6659366527777778 0.5973728701171875 0.6657319618055556 0.5984955107421875 0.6684952256944444 0.5989791923828125 0.66891725 0.5977994541015625 0.6659366527777778 0.5973728701171875
0 0.7072984652777777 0.60175626171875 0.705262986111111 0.6024752177734375 0.7066359340277777 0.60365614453125 0.709093609375 0.603682974609375 0.7092009166666666 0.6024136015625 0.7072984652777777 0.60175626171875
0 0.6774542274305556 0.7404284833984375 0.6759727152777777 0.741693927734375 0.6760028142361111 0.7431823720703125 0.6856634288194444 0.74504065625 0.6866206857638889 0.74083520703125 0.6844594809027779 0.7408952529296875 0.6835935364583334 0.741537703125 0.6820632847222222 0.7411730166015625 0.6808149392361111 0.7419537744140625 0.6797871944444445 0.7407620849609375 0.6774542274305556 0.7404284833984375
0 0.695640845486111 0.7419780205078125 0.6922324166666667 0.7415160498046875 0.6907713767361111 0.7420789111328125 0.6910317916666666 0.744507798828125 0.6943157829861111 0.7457777861328125 0.6963512621527778 0.745058830078125 0.6970137934027778 0.743158947265625 0.695640845486111 0.7419780205078125
0 0.7301085798611111 0.7501074306640625 0.7303492760416667 0.7482078701171875 0.7256808350694445 0.747193046875 0.7251153472222223 0.7478531142578125 0.7234770017361112 0.7464819208984375 0.7229250295138888 0.7482615078125 0.725275546875 0.7501455078125 0.728751232638889 0.75035032421875 0.7301085798611111 0.7501074306640625
0 0.7373839548611111 0.74879026171875 0.7373570815972221 0.746942677734375 0.7345521388888889 0.746527546875 0.7338108628472222 0.749407443359375 0.734890796875 0.75054600390625 0.736803875 0.750914376953125 0.7372750190972223 0.7493982998046875 0.7391945243055555 0.7494145048828125 0.7404285625 0.7481595341796875 0.740178701388889 0.7474681171875 0.73848165625 0.747261955078125 0.7373839548611111 0.74879026171875
0 0.7462161875 0.752878392578125 0.7485112065972221 0.7535276884765625 0.7510596319444445 0.7508004482421875 0.7523846944444444 0.747000681640625 0.7510117447916667 0.7458197548828125 0.7473048645833333 0.745339259765625 0.7485615399305555 0.7415812490234375 0.7465191250000001 0.7411888544921875 0.7452931041666667 0.742360880859375 0.7447515607638889 0.7438488271484375 0.7466345833333333 0.7448628115234375 0.745645953125 0.74553840625 0.7479562239583334 0.7478711904296875 0.7477948350694444 0.7486143017578125 0.7461962725694444 0.749098365234375 0.7458810295138889 0.750603189453125 0.7464656440972222 0.75125228515625 0.7462161875 0.752878392578125
0 0.7588014861111111 0.7482827373046875 0.7600995104166667 0.7500684169921875 0.7608232482638889 0.752128443359375 0.7584642100694444 0.7512084130859376 0.7571282013888889 0.7514103701171875 0.7567321354166666 0.752116447265625 0.7557138194444444 0.751911798828125 0.7550348420138888 0.75211896875 0.7554744045138889 0.753419548828125 0.7576809878472222 0.7538450927734375 0.7622481197916666 0.7527500556640625 0.7642835989583333 0.752031099609375 0.7652989444444445 0.7476636435546875 0.7605131857638888 0.746914138671875 0.7616740173611112 0.743240484375 0.7568319687499999 0.7429184287109375 0.7547575885416666 0.7435727099609375 0.7542040677083333 0.744738462890625 0.7588456684027778 0.747554685546875 0.7588014861111111 0.7482827373046875
0 0.8796677847222223 0.7646910908203125 0.8796529913194444 0.7659415224609375 0.8721769895833333 0.7661860546875 0.8708806232638888 0.7692970888671875 0.874542453125 0.769572498046875 0.8767606753472221 0.767985802734375 0.8778157934027777 0.7704985830078125 0.8797180434027778 0.7705146455078125 0.8814430034722222 0.768972654296875 0.8829649479166667 0.7709068447265625 0.8849790364583333 0.7709257392578125 0.8854197621527777 0.770196814453125 0.8875552708333333 0.7705682666015625 0.8913572465277778 0.7698654296875 0.8922260451388888 0.7665855146484375 0.8904047586805556 0.766538078125 0.8886318663194444 0.76700301171875 0.8883105 0.765429697265625 0.8862585590277778 0.7653990361328125 0.8840110069444445 0.7661057119140625 0.8826773090277777 0.7645803837890625 0.8796677847222223 0.7646910908203125
0 0.8970796909722222 0.7744324638671874 0.8984526388888889 0.775613390625 0.9010143038194445 0.77619795703125 0.9040925121527779 0.77560678125 0.9090470434027778 0.7762679267578125 0.9129921215277778 0.7757718017578125 0.92238040625 0.7750376650390625 0.9226127725694444 0.77105719921875 0.918103923611111 0.7706147861328125 0.9169311822916667 0.7693361416015625 0.9181671440972222 0.7660361044921875 0.9145184027777779 0.765992298828125 0.9132286284722222 0.7680009794921875 0.9092520069444444 0.76797989453125 0.9078841822916667 0.76837495703125 0.9060138003472223 0.767963283203125 0.906148107638889 0.76689325 0.9051737239583333 0.7665759462890624 0.8990672847222222 0.7687328154296875 0.8970796909722222 0.7744324638671874
0 0.18503202777777777 0.290343234375 0.18096106770833334 0.291781146484375 0.18029853645833332 0.2936810302734375 0.176227578125 0.29511894140625 0.17760052604166668 0.2962998681640625 0.1803464236111111 0.2986617216796875 0.19057170659722222 0.3000476337890625 0.1966781440972222 0.2978907666015625 0.19932826909722223 0.2902912333984375 0.19795532118055556 0.289110306640625 0.18773003819444445 0.28772439453125 0.18503202777777777 0.290343234375