0 0.4026109600694444 0.806949296875 0.40848047569444446 0.8112020087890625 0.4124225416666667 0.8094387626953125 0.4153573020833333 0.811565119140625 0.41879571354166667 0.811746673828125 0.42466523090277775 0.8159993857421876 0.4281036423611111 0.81618094140625 0.4369079201388889 0.8225600107421875 0.44034633333333334 0.822741564453125 0.4462158489583333 0.82699427734375 0.44818688368055554 0.8261126533203125 0.4486905364583333 0.824167853515625 0.43841888020833336 0.8167256064453124 0.43498046701388887 0.81654405078125 0.4291109496527778 0.8122913388671875 0.4256725364583333 0.8121097841796875 0.4168682621527778 0.8057307158203125 0.41342984895833335 0.8055491611328125 0.4104950902777778 0.8034228046875 0.3967414409722222 0.802696583984375 0.39380668229166665 0.800570228515625 0.3869298576388889 0.800207119140625 0.3849588263888889 0.8010887412109375 0.38592255208333337 0.804096720703125 0.39623778819444444 0.8046413857421875 0.399172546875 0.8067677421875 0.4026109600694444 0.806949296875
0 0.4756941788194444 0.82756509375 0.47716155729166665 0.828628271484375 0.4825710034722222 0.8279282041015625 0.48651306770833336 0.8261649580078125 0.48504568923611113 0.8251017802734375 0.4816072777777778 0.8249202255859375 0.4756941788194444 0.82756509375
1 0.6253183402777778 0.7881520654296875 0.6263256475694444 0.784262462890625 0.6204561284722222 0.7800097509765626 0.6209597829861111 0.77806494921875 0.6136228854166667 0.7727490595703125 0.6101844739583333 0.77256750390625 0.6072497135416666 0.7704411484375 0.5831808298611111 0.7691702626953125 0.581209796875 0.77005188671875 0.5791951822916667 0.7778310908203125 0.5821299427083333 0.779957447265625 0.5840573940972222 0.78597340625 0.5884595347222222 0.7891629404296875 0.6159668298611112 0.7906153798828125 0.6179378628472222 0.7897337568359375 0.6253183402777778 0.7881520654296875
0 0.137414203125 0.8500287041015625 0.13770771354166667 0.8538959482421875 0.13452624652777778 0.8529214404296875 0.11560398611111111 0.8529966767578125 0.11286055555555555 0.854226470703125 0.14209528124999998 0.8549647783203125 0.14815193055555553 0.85585209375 0.14503899305555557 0.8531174990234375 0.14330333854166666 0.853431732421875 0.14315611111111112 0.8523415283203125 0.1401002048611111 0.8494672978515625 0.137414203125 0.8500287041015625
0 0.13667059027777778 0.73058304296875 0.140980328125 0.72960030078125 0.142951359375 0.7287186787109375 0.14148398090277778 0.7276555 0.13804556944444443 0.7274739443359375 0.13607453645833334 0.728355568359375 0.13667059027777778 0.73058304296875
0 0.3846483541666667 0.3129927392578125 0.38398918055555553 0.311225853515625 0.38301775 0.309430796875 0.3797088159722222 0.3099341630859375 0.3818367222222222 0.3122314697265625 0.3834429982638889 0.3143294931640625 0.3893232534722222 0.3151266533203125 0.39175869444444444 0.314737580078125 0.39526312152777776 0.314728287109375 0.3998356336805556 0.3129682939453125 0.3923114045138889 0.3131682158203125 0.3896615225694445 0.3139539482421875 0.3846483541666667 0.3129927392578125
0 0.2278864565972222 0.0847008212890625 0.23051327777777775 0.08115216015625 0.22818019097222222 0.0804255302734375 0.22644680034722223 0.07731698828125 0.2230083871527778 0.07713543359375 0.22124010069444444 0.08058869921875 0.2207583923611111 0.08279221484375 0.22463351041666668 0.0840398876953125 0.2278864565972222 0.0847008212890625
0 0.21048811805555556 0.07780592578125 0.20827927256944445 0.077837021484375 0.2069681996527778 0.0804162548828125 0.208435578125 0.08147943359375 0.21040661284722223 0.0805978095703125 0.21048811805555556 0.07780592578125
0 0.18553038368055555 0.09071328125 0.18603403819444445 0.08876848046875 0.1845666579861111 0.0877053017578125 0.1811282465277778 0.0875237470703125 0.17915721180555555 0.0884053701171875 0.17865355902777777 0.0903501708984375 0.1801209392361111 0.0914133486328125 0.18355935243055554 0.091594904296875 0.18553038368055555 0.09071328125
0 0.19568800868055555 0.087932365234375 0.19144348263888888 0.0880684111328125 0.19147105555555555 0.0908898642578125 0.19482334201388887 0.091402099609375 0.19634927256944446 0.0893131455078125 0.19568800868055555 0.087932365234375
1 0.8662924010416666 0.13355875 0.8559771649305555 0.1330140849609375 0.8535024774305556 0.1358405087890625 0.8495604131944444 0.1376037548828125 0.8465384947916667 0.1492725625 0.853875390625 0.154588453125 0.8592848368055556 0.153888384765625 0.8671689670138889 0.1503618916015625 0.8681762743055556 0.1464722900390625 0.8721183402777778 0.1447090439453125 0.8736292986111112 0.138874640625 0.8662924010416666 0.13355875
1 0.8072408125 0.194924759765625 0.8156285972222223 0.189453466796875 0.8166359045138889 0.1855638642578125 0.8151685243055556 0.1845006865234375 0.811730111111111 0.1843191318359375 0.811595296875 0.1888701923828125 0.8048324965277778 0.192955458984375 0.8021353888888889 0.19721829296875 0.7955755486111111 0.19937782421875 0.7876087170138889 0.2025096845703125 0.7837266684027777 0.20260584765625 0.7817608524305555 0.2054548125 0.7909688993055556 0.2039225458984375 0.8067371597222223 0.1968695615234375 0.8072408125 0.194924759765625