0 0.4791666666666667 0.3349609375 0.4791666666666667 0.3310546875 0.4861111111111111 0.3251953125 0.4861111111111111 0.3212890625 0.4895833333333333 0.3193359375 0.4895833333333333 0.3173828125 0.4930555555555556 0.3154296875 0.4930555555555556 0.3134765625 0.4965277777777778 0.3115234375 0.4965277777777778 0.3095703125 0.5 0.3076171875 0.5 0.3056640625 0.5034722222222222 0.3037109375 0.5034722222222222 0.3017578125 0.5104166666666666 0.2958984375 0.5104166666666666 0.2919921875 0.5138888888888888 0.2900390625 0.5121527777777778 0.2890625 0.5086805555555556 0.2890625 0.5034722222222222 0.2919921875 0.5034722222222222 0.2939453125 0.5 0.2958984375 0.5 0.2978515625 0.4965277777777778 0.2998046875 0.4965277777777778 0.3017578125 0.4930555555555556 0.3037109375 0.4930555555555556 0.3056640625 0.4895833333333333 0.3076171875 0.4895833333333333 0.3095703125 0.4861111111111111 0.3115234375 0.4861111111111111 0.3134765625 0.4826388888888889 0.3154296875 0.4826388888888889 0.3173828125 0.4756944444444444 0.3232421875 0.4756944444444444 0.3271484375 0.4722222222222222 0.3291015625 0.4722222222222222 0.3330078125 0.46875 0.3349609375 0.46875 0.3388671875 0.4652777777777778 0.3408203125 0.4652777777777778 0.3662109375 0.4670138888888889 0.3671875 0.4722222222222222 0.3662109375 0.4722222222222222 0.3447265625 0.4756944444444444 0.3427734375 0.4756944444444444 0.3369140625 0.4791666666666667 0.3349609375
0 0.1514864704861111 0.476736802734375 0.14756944444444445 0.478515625 0.1370520625 0.4873038740234375 0.14004435243055557 0.4872243671875 0.14583333333333334 0.4833984375 0.1545138888888889 0.478515625 0.15884075173611112 0.4773055712890625 0.157945375 0.475002814453125 0.1514864704861111 0.476736802734375
0 0.60888653125 0.4237898466796875 0.6105379756944445 0.4228754443359375 0.6102799618055555 0.421370958984375 0.6079678263888888 0.421130025390625 0.6076826510416667 0.4236660380859375 0.60888653125 0.4237898466796875
0 0.6095887152777778 0.4083471591796875 0.6105362795138889 0.407078728515625 0.6095960711805556 0.4051340703125 0.6079857430555555 0.4051740673828125 0.607813921875 0.408303662109375 0.6095887152777778 0.4083471591796875
0 0.6100160520833333 0.39141845703125 0.6078574531250001 0.39141264453125 0.6078180121527779 0.3931249228515625 0.6098255625 0.393022712890625 0.6100160520833333 0.39141845703125
0 0.6074203767361112 0.3706333046875 0.6091564878472222 0.3696567421875 0.6086219965277777 0.368306865234375 0.6063814131944444 0.3684903583984375 0.605684265625 0.3696567421875 0.6074203767361112 0.3706333046875
0 0.8552258576388889 0.3559557236328125 0.8549513871527777 0.356862611328125 0.8566091684027778 0.3573966884765625 0.8547726250000001 0.3581864208984375 0.8547422673611111 0.359526595703125 0.857301032986111 0.360095771484375 0.8598914201388889 0.3597952939453125 0.8608493229166667 0.35415475390625 0.8532839114583334 0.3544334130859375 0.8538998871527778 0.355604494140625 0.8552258576388889 0.3559557236328125
0 0.8531447239583333 0.349279826171875 0.8531447239583333 0.351232951171875 0.8544725607638889 0.351924984375 0.8586496527777778 0.3513190400390625 0.8600891684027778 0.349279826171875 0.8583530572916667 0.348303263671875 0.8548808350694445 0.348303263671875 0.8531447239583333 0.349279826171875
0 0.8551402152777778 0.3318478818359375 0.8564258645833333 0.3320313505859375 0.8544204895833334 0.3331894345703125 0.8576566319444444 0.3331518935546875 0.8603884618055555 0.33150628515625 0.8599237899305555 0.3295654267578125 0.859178859375 0.328869078125 0.8558069774305556 0.329099830078125 0.8551402152777778 0.3318478818359375
0 0.8533385833333333 0.3235940078125 0.8521910798611111 0.3238626513671875 0.852232703125 0.3248305546875 0.8551594114583333 0.3251395654296875 0.8519415208333334 0.3255068056640625 0.8518805208333333 0.3271207861328125 0.8570816059027778 0.326976876953125 0.8588130885416666 0.3261687265625 0.8590034427083333 0.325051666015625 0.8562462760416667 0.32508315234375 0.8558205364583333 0.324029771484375 0.8533385833333333 0.3235940078125
0 0.8484882795138888 0.317273134765625 0.8467521684027778 0.318249697265625 0.8467904340277778 0.32036966015625 0.839935032986111 0.3203991123046875 0.8397333489583334 0.321591525390625 0.8420686597222222 0.3220387294921875 0.8447933888888889 0.3220511298828125 0.8461175173611112 0.320827326171875 0.8475303472222222 0.3212393623046875 0.8510548784722222 0.3195301435546875 0.8523898663194445 0.3194766572265625 0.8536127204861111 0.3202589736328125 0.856313375 0.320144330078125 0.8573078420138889 0.3197005947265625 0.8602045902777777 0.3195268134765625 0.8607948472222222 0.3181471650390625 0.8554327239583333 0.317273134765625 0.8484882795138888 0.317273134765625
0 0.8563875815972222 0.3139182275390625 0.8562713072916667 0.3145144638671875 0.8567934427083332 0.314846447265625 0.8589591336805555 0.314357771484375 0.8591798368055555 0.3130692060546875 0.8561886128472223 0.31077916796875 0.8544525017361111 0.30980260546875 0.8465906284722222 0.310080392578125 0.8464146284722223 0.3128420107421875 0.8397291076388889 0.3129078095703125 0.8403123680555555 0.315618666015625 0.8419448159722223 0.3166288544921875 0.8441101111111111 0.3167092861328125 0.8479268715277777 0.3136321982421875 0.8492078559027778 0.3135174541015625 0.8520170520833333 0.3124664951171875 0.8554408506944444 0.3116774189453125 0.8543932725694444 0.3131437548828125 0.8550617152777779 0.3138362392578125 0.8563875815972222 0.3139182275390625
0 0.8594048177083333 0.243113939453125 0.8563058628472222 0.2424643251953125 0.8593212638888889 0.2412625078125 0.8588778472222223 0.2401568603515625 0.8575015434027777 0.2400547958984375 0.8576446614583334 0.23881544140625 0.8555188524305556 0.2368692353515625 0.8495895277777777 0.2370196953125 0.8499375329861111 0.2380252939453125 0.851168236111111 0.2389066474609375 0.8484986336805556 0.2393826904296875 0.84893046875 0.2405112939453125 0.8506953125 0.24160623828125 0.8483488975694444 0.2426270390625 0.8492539322916666 0.2442526259765625 0.8514395798611111 0.244022126953125 0.8536346059027777 0.248066083984375 0.8593703489583333 0.248181798828125 0.8589848402777778 0.2461256181640625 0.8556911996527777 0.2452146376953125 0.8598267256944445 0.2441578515625 0.8594048177083333 0.243113939453125
0 0.8607088749999999 0.2239043720703125 0.8572071215277778 0.2189074990234375 0.8502057881944444 0.2195398642578125 0.8505002013888889 0.22209137109375 0.8485462048611111 0.222977033203125 0.8424949218750001 0.2229304326171875 0.8432815086805555 0.224935259765625 0.8470919548611111 0.2252577060546875 0.8479957482638889 0.2274376025390625 0.8490087065972223 0.2281106484375 0.8487326875 0.2292126103515625 0.8468335902777777 0.22934329296875 0.8465103281249999 0.22993698828125 0.8517186614583333 0.23286667578125 0.8621353281249999 0.23286667578125 0.8638714392361111 0.23189011328125 0.8642856666666667 0.230376916015625 0.8625259114583333 0.22880542578125 0.8625077951388889 0.2259683212890625 0.8607088749999999 0.2239043720703125
0 0.8832221927083332 0.181399982421875 0.8833341197916666 0.183858095703125 0.8808823177083334 0.1838827412109375 0.8793293611111112 0.1849603671875 0.8782121371527778 0.1863031171875 0.8784722222222222 0.1884765625 0.8813358489583334 0.1900117548828125 0.8880504947916666 0.1897905302734375 0.8893275677083332 0.1887581494140625 0.8888888888888888 0.1865234375 0.8928507291666666 0.18203901171875 0.8907484010416667 0.18116605078125 0.8832221927083332 0.181399982421875
0 0.0625 0.2080078125 0.0625 0.2138671875 0.0642361111111111 0.21484375 0.07118055555555555 0.21484375 0.07291666666666667 0.2138671875 0.0798611111111111 0.2099609375 0.07118055555555555 0.205078125 0.06770833333333333 0.205078125 0.0625 0.2080078125
0 0.07210431423611112 0.1705187939453125 0.07291666666666667 0.1748046875 0.0748071267361111 0.1769583759765625 0.08501481250000001 0.1767807412109375 0.08680555555555555 0.1748046875 0.08680555555555555 0.1708984375 0.08506944444444445 0.169921875 0.06639614409722222 0.165180376953125 0.07210431423611112 0.1705187939453125
0 0.034042835069444444 0.170684654296875 0.03486863715277778 0.171177287109375 0.03392963368055556 0.171981990234375 0.033802984375 0.175889126953125 0.034678737847222224 0.1770597978515625 0.03831889583333334 0.1767847412109375 0.04000502083333333 0.1755314111328125 0.03988707118055555 0.1721769853515625 0.036535484375 0.1696586640625 0.034387592013888885 0.1696915732421875 0.034042835069444444 0.170684654296875
0 0.163602734375 0.0826163583984375 0.163602734375 0.0845694833984375 0.16872192881944445 0.0871762568359375 0.17298767708333332 0.08678290234375 0.17478475868055557 0.0870157978515625 0.17514640625 0.0849206943359375 0.17013167708333332 0.0816708125 0.1653388454861111 0.0816397958984375 0.163602734375 0.0826163583984375
0 0.18229166666666666 0.70703125 0.18055555555555555 0.7080078125 0.18055555555555555 0.7138671875 0.1857638888888889 0.71484375 0.1892361111111111 0.716796875 0.19270833333333334 0.716796875 0.19618055555555555 0.71875 0.19791666666666666 0.7177734375 0.2013888888888889 0.7158203125 0.2013888888888889 0.7099609375 0.19618055555555555 0.70703125 0.18229166666666666 0.70703125
0 0.10527453298611111 0.8166328173828125 0.10167643402777778 0.8160021513671875 0.10313983159722223 0.81922553515625 0.109375 0.8203125 0.11622180555555556 0.821616478515625 0.1232638888888889 0.822265625 0.125 0.8212890625 0.1232638888888889 0.8203125 0.11664103124999999 0.8200017841796875 0.10832444791666668 0.818339662109375 0.10527453298611111 0.8166328173828125
0 0.10590277777777778 0.828125 0.0920138888888889 0.828125 0.09027777777777778 0.8291015625 0.0920138888888889 0.830078125 0.09895833333333333 0.830078125 0.109375 0.83203125 0.11284722222222222 0.833984375 0.11631944444444445 0.833984375 0.11805555555555555 0.8330078125 0.11805555555555555 0.8310546875 0.11631944444444445 0.830078125 0.109375 0.830078125 0.10590277777777778 0.828125
0 0.2141342013888889 0.817139568359375 0.20543646180555555 0.81737779296875 0.20543010416666668 0.81855448046875 0.21366868402777778 0.81831982421875 0.2141342013888889 0.817139568359375
0 0.23127352430555556 0.84631520703125 0.24459044791666665 0.8456029775390626 0.2491420347222222 0.8450029833984375 0.2502746440972222 0.84389801171875 0.23096156944444443 0.845118818359375 0.23127352430555556 0.84631520703125
0 0.2926019097222222 0.8242278564453125 0.3070072534722222 0.823369107421875 0.30748224305555555 0.8225424482421875 0.27681934375 0.8231838935546875 0.27633567187499997 0.82463072265625 0.2926019097222222 0.8242278564453125